==PROF== Connected to process 233239 (/usr/bin/python3.12)
==PROF== Disconnected from process 233239
"ID","Process ID","Process Name","Host Name","Kernel Name","Context","Stream","Block Size","Grid Size","Device","CC","c2clink__enabled_mask","c2clink__present","device__attribute_architecture","device__attribute_async_engine_count","device__attribute_can_flush_remote_writes","device__attribute_can_map_host_memory","device__attribute_can_tex2d_gather","device__attribute_can_use_64_bit_stream_mem_ops","device__attribute_can_use_64_bit_stream_mem_ops_v1","device__attribute_can_use_host_pointer_for_registered_mem","device__attribute_can_use_stream_mem_ops_v1","device__attribute_can_use_stream_wait_value_nor","device__attribute_can_use_stream_wait_value_nor_v1","device__attribute_chip","device__attribute_clock_rate","device__attribute_cluster_launch","device__attribute_compute_capability_major","device__attribute_compute_capability_minor","device__attribute_compute_mode","device__attribute_compute_preemption_supported","device__attribute_concurrent_kernels","device__attribute_concurrent_managed_access","device__attribute_confidential_computing_mode","device__attribute_cooperative_launch","device__attribute_cooperative_multi_device_launch","device__attribute_deferred_mapping_cuda_array_supported","device__attribute_device_index","device__attribute_direct_managed_mem_access_from_host","device__attribute_display_name","device__attribute_dma_buf_supported","device__attribute_ecc_enabled","device__attribute_fb_bus_width","device__attribute_fbp_count","device__attribute_generic_compression_supported","device__attribute_global_l1_cache_supported","device__attribute_global_memory_bus_width","device__attribute_gpu_direct_rdma_flush_writes_options","device__attribute_gpu_direct_rdma_supported","device__attribute_gpu_direct_rdma_with_cuda_vmm_supported","device__attribute_gpu_direct_rdma_writes_ordering","device__attribute_gpu_overlap","device__attribute_gpu_pci_device_id","device__attribute_gpu_pci_ext_device_id","device__attribute_gpu_pci_ext_downstream_link_rate","device__attribute_gpu_pci_ext_downstream_link_width","device__attribute_gpu_pci_ext_gen","device__attribute_gpu_pci_ext_gpu_gen","device__attribute_gpu_pci_ext_gpu_link_rate","device__attribute_gpu_pci_ext_gpu_link_width","device__attribute_gpu_pci_revision_id","device__attribute_gpu_pci_sub_system_id","device__attribute_handle_type_fabric_supported","device__attribute_handle_type_posix_file_descriptor_supported","device__attribute_handle_type_win32_handle_supported","device__attribute_handle_type_win32_kmt_handle_supported","device__attribute_host_native_atomic_supported","device__attribute_host_numa_id","device__attribute_host_register_supported","device__attribute_implementation","device__attribute_integrated","device__attribute_ipc_event_supported","device__attribute_kernel_exec_timeout","device__attribute_l2_cache_size","device__attribute_l2s_count","device__attribute_limits_max_cta_per_sm","device__attribute_limits_num_tpcs","device__attribute_local_l1_cache_supported","device__attribute_managed_memory","device__attribute_max_access_policy_window_size","device__attribute_max_block_dim_x","device__attribute_max_block_dim_y","device__attribute_max_block_dim_z","device__attribute_max_blocks_per_multiprocessor","device__attribute_max_gpu_frequency_khz","device__attribute_max_grid_dim_x","device__attribute_max_grid_dim_y","device__attribute_max_grid_dim_z","device__attribute_max_ipc_per_multiprocessor","device__attribute_max_ipc_per_scheduler","device__attribute_max_mem_frequency_khz","device__attribute_max_persisting_l2_cache_size","device__attribute_max_pitch","device__attribute_max_registers_per_block","device__attribute_max_registers_per_multiprocessor","device__attribute_max_registers_per_thread","device__attribute_max_shared_memory_per_block","device__attribute_max_shared_memory_per_block_optin","device__attribute_max_shared_memory_per_multiprocessor","device__attribute_max_threads_per_block","device__attribute_max_threads_per_multiprocessor","device__attribute_max_warps_per_multiprocessor","device__attribute_max_warps_per_scheduler","device__attribute_maximum_surface1d_layered_layers","device__attribute_maximum_surface1d_layered_width","device__attribute_maximum_surface1d_width","device__attribute_maximum_surface2d_height","device__attribute_maximum_surface2d_layered_height","device__attribute_maximum_surface2d_layered_layers","device__attribute_maximum_surface2d_layered_width","device__attribute_maximum_surface2d_width","device__attribute_maximum_surface3d_depth","device__attribute_maximum_surface3d_height","device__attribute_maximum_surface3d_width","device__attribute_maximum_surfacecubemap_layered_layers","device__attribute_maximum_surfacecubemap_layered_width","device__attribute_maximum_surfacecubemap_width","device__attribute_maximum_texture1d_layered_layers","device__attribute_maximum_texture1d_layered_width","device__attribute_maximum_texture1d_linear_width","device__attribute_maximum_texture1d_mipmapped_width","device__attribute_maximum_texture1d_width","device__attribute_maximum_texture2d_gather_height","device__attribute_maximum_texture2d_gather_width","device__attribute_maximum_texture2d_height","device__attribute_maximum_texture2d_layered_height","device__attribute_maximum_texture2d_layered_layers","device__attribute_maximum_texture2d_layered_width","device__attribute_maximum_texture2d_linear_height","device__attribute_maximum_texture2d_linear_pitch","device__attribute_maximum_texture2d_linear_width","device__attribute_maximum_texture2d_mipmapped_height","device__attribute_maximum_texture2d_mipmapped_width","device__attribute_maximum_texture2d_width","device__attribute_maximum_texture3d_depth","device__attribute_maximum_texture3d_depth_alternate","device__attribute_maximum_texture3d_height","device__attribute_maximum_texture3d_height_alternate","device__attribute_maximum_texture3d_width","device__attribute_maximum_texture3d_width_alternate","device__attribute_maximum_texturecubemap_layered_layers","device__attribute_maximum_texturecubemap_layered_width","device__attribute_maximum_texturecubemap_width","device__attribute_mem_sync_domain_count","device__attribute_memory_clock_rate","device__attribute_memory_pools_supported","device__attribute_mempool_supported_handle_types","device__attribute_mps_enabled","device__attribute_multi_gpu_board","device__attribute_multi_gpu_board_group_id","device__attribute_multicast_supported","device__attribute_multiprocessor_count","device__attribute_num_l2s_per_fbp","device__attribute_num_schedulers_per_multiprocessor","device__attribute_num_tex_per_multiprocessor","device__attribute_numa_config","device__attribute_pageable_memory_access","device__attribute_pageable_memory_access_uses_host_page_tables","device__attribute_pci_bus_id","device__attribute_pci_device_id","device__attribute_pci_domain_id","device__attribute_ram_location","device__attribute_ram_type","device__attribute_reserved_shared_memory_per_block","device__attribute_sass_level","device__attribute_single_to_double_precision_perf_ratio","device__attribute_sparse_cuda_array_supported","device__attribute_stream_priorities_supported","device__attribute_surface_alignment","device__attribute_tcc_driver","device__attribute_tensor_map_access_supported","device__attribute_texture_alignment","device__attribute_texture_pitch_alignment","device__attribute_total_constant_memory","device__attribute_total_memory","device__attribute_unified_addressing","device__attribute_unified_function_pointers","device__attribute_virtual_address_management_supported","device__attribute_warp_size","gpu__time_duration.sum","launch__barrier_count","launch__block_dim_x","launch__block_dim_y","launch__block_dim_z","launch__block_size","launch__cluster_dim_x","launch__cluster_dim_y","launch__cluster_dim_z","launch__cluster_max_active","launch__cluster_max_potential_size","launch__cluster_scheduling_policy","launch__cluster_size","launch__context_id","launch__device_id","launch__execution_model","launch__func_cache_config","launch__function_pcs","launch__grid_dim_x","launch__grid_dim_y","launch__grid_dim_z","launch__grid_size","launch__kernel_name","launch__occupancy_cluster_gpu_pct","launch__occupancy_cluster_pct","launch__occupancy_limit_barriers","launch__occupancy_limit_blocks","launch__occupancy_limit_registers","launch__occupancy_limit_shared_mem","launch__occupancy_limit_warps","launch__occupancy_per_barrier_count","launch__occupancy_per_block_size","launch__occupancy_per_cluster_size","launch__occupancy_per_register_count","launch__occupancy_per_shared_mem_size","launch__persisting_l2_cache_size","launch__preferred_cluster_dim_x","launch__preferred_cluster_dim_y","launch__preferred_cluster_dim_z","launch__preferred_cluster_size","launch__registers_per_thread","launch__registers_per_thread_allocated","launch__shared_mem_config_size","launch__shared_mem_per_block","launch__shared_mem_per_block_allocated","launch__shared_mem_per_block_driver","launch__shared_mem_per_block_dynamic","launch__shared_mem_per_block_static","launch__sm_count","launch__stack_size","launch__stream_id","launch__thread_count","launch__tpc_count","launch__tpc_enabled","launch__user_grid_dim_x","launch__user_grid_dim_y","launch__user_grid_dim_z","launch__user_grid_size","launch__uses_blocks_as_clusters","launch__uses_cdp","launch__uses_green_context","launch__uses_mps","launch__uses_vgpu","launch__waves_per_multiprocessor","numa__cpu_affinity","numa__dev_display_name_all","numa__id_cpu","numa__id_memory","nvlink__bandwidth","nvlink__count_logical","nvlink__count_physical","nvlink__destination_ports","nvlink__dev0Id","nvlink__dev0type","nvlink__dev1Id","nvlink__dev1type","nvlink__dev_display_name_all","nvlink__enabled_mask","nvlink__is_direct_link","nvlink__is_nvswitch_connected","nvlink__max_count","nvlink__peer_access","nvlink__peer_atomic","nvlink__source_ports","nvlink__system_access","nvlink__system_atomic","profiler__perfworks_session_reuse","profiler__replayer_bytes_mem_accessible.avg","profiler__replayer_bytes_mem_accessible.max","profiler__replayer_bytes_mem_accessible.min","profiler__replayer_bytes_mem_accessible.sum","profiler__replayer_bytes_mem_backed_up.avg","profiler__replayer_bytes_mem_backed_up.max","profiler__replayer_bytes_mem_backed_up.min","profiler__replayer_bytes_mem_backed_up.sum","profiler__replayer_passes","profiler__replayer_passes_type_warmup","sm__inst_executed.avg.per_cycle_active","sm__inst_executed.avg.per_cycle_elapsed","sm__inst_executed.max.per_cycle_active","sm__inst_executed.max.per_cycle_elapsed","sm__inst_executed.min.per_cycle_active","sm__inst_executed.min.per_cycle_elapsed","sm__inst_executed.sum.per_cycle_active","sm__inst_executed.sum.per_cycle_elapsed","sm__inst_executed_pipe_adu.avg.pct_of_peak_sustained_active","sm__inst_executed_pipe_adu.avg.pct_of_peak_sustained_elapsed","sm__inst_executed_pipe_adu.max.pct_of_peak_sustained_active","sm__inst_executed_pipe_adu.max.pct_of_peak_sustained_elapsed","sm__inst_executed_pipe_adu.min.pct_of_peak_sustained_active","sm__inst_executed_pipe_adu.min.pct_of_peak_sustained_elapsed","sm__inst_executed_pipe_adu.sum.pct_of_peak_sustained_active","sm__inst_executed_pipe_adu.sum.pct_of_peak_sustained_elapsed","sm__inst_executed_pipe_alu.avg.pct_of_peak_sustained_active","sm__inst_executed_pipe_alu.avg.pct_of_peak_sustained_elapsed","sm__inst_executed_pipe_alu.max.pct_of_peak_sustained_active","sm__inst_executed_pipe_alu.max.pct_of_peak_sustained_elapsed","sm__inst_executed_pipe_alu.min.pct_of_peak_sustained_active","sm__inst_executed_pipe_alu.min.pct_of_peak_sustained_elapsed","sm__inst_executed_pipe_alu.sum.pct_of_peak_sustained_active","sm__inst_executed_pipe_alu.sum.pct_of_peak_sustained_elapsed","sm__inst_executed_pipe_cbu.avg.pct_of_peak_sustained_active","sm__inst_executed_pipe_cbu.avg.pct_of_peak_sustained_elapsed","sm__inst_executed_pipe_cbu.max.pct_of_peak_sustained_active","sm__inst_executed_pipe_cbu.max.pct_of_peak_sustained_elapsed","sm__inst_executed_pipe_cbu.min.pct_of_peak_sustained_active","sm__inst_executed_pipe_cbu.min.pct_of_peak_sustained_elapsed","sm__inst_executed_pipe_cbu.sum.pct_of_peak_sustained_active","sm__inst_executed_pipe_cbu.sum.pct_of_peak_sustained_elapsed","sm__inst_executed_pipe_fma.avg.pct_of_peak_sustained_active","sm__inst_executed_pipe_fma.avg.pct_of_peak_sustained_elapsed","sm__inst_executed_pipe_fma.max.pct_of_peak_sustained_active","sm__inst_executed_pipe_fma.max.pct_of_peak_sustained_elapsed","sm__inst_executed_pipe_fma.min.pct_of_peak_sustained_active","sm__inst_executed_pipe_fma.min.pct_of_peak_sustained_elapsed","sm__inst_executed_pipe_fma.sum.pct_of_peak_sustained_active","sm__inst_executed_pipe_fma.sum.pct_of_peak_sustained_elapsed","sm__inst_executed_pipe_fma_type_fp16.avg.pct_of_peak_sustained_active","sm__inst_executed_pipe_fma_type_fp16.avg.pct_of_peak_sustained_elapsed","sm__inst_executed_pipe_fp64.avg.pct_of_peak_sustained_active","sm__inst_executed_pipe_fp64.avg.pct_of_peak_sustained_elapsed","sm__inst_executed_pipe_fp64.max.pct_of_peak_sustained_active","sm__inst_executed_pipe_fp64.max.pct_of_peak_sustained_elapsed","sm__inst_executed_pipe_fp64.min.pct_of_peak_sustained_active","sm__inst_executed_pipe_fp64.min.pct_of_peak_sustained_elapsed","sm__inst_executed_pipe_fp64.sum.pct_of_peak_sustained_active","sm__inst_executed_pipe_fp64.sum.pct_of_peak_sustained_elapsed","sm__inst_executed_pipe_lsu.avg.pct_of_peak_sustained_active","sm__inst_executed_pipe_lsu.avg.pct_of_peak_sustained_elapsed","sm__inst_executed_pipe_lsu.max.pct_of_peak_sustained_active","sm__inst_executed_pipe_lsu.max.pct_of_peak_sustained_elapsed","sm__inst_executed_pipe_lsu.min.pct_of_peak_sustained_active","sm__inst_executed_pipe_lsu.min.pct_of_peak_sustained_elapsed","sm__inst_executed_pipe_lsu.sum.pct_of_peak_sustained_active","sm__inst_executed_pipe_lsu.sum.pct_of_peak_sustained_elapsed","sm__inst_executed_pipe_tc.avg.pct_of_peak_sustained_active","sm__inst_executed_pipe_tc.avg.pct_of_peak_sustained_elapsed","sm__inst_executed_pipe_tc.max.pct_of_peak_sustained_active","sm__inst_executed_pipe_tc.max.pct_of_peak_sustained_elapsed","sm__inst_executed_pipe_tc.min.pct_of_peak_sustained_active","sm__inst_executed_pipe_tc.min.pct_of_peak_sustained_elapsed","sm__inst_executed_pipe_tc.sum.pct_of_peak_sustained_active","sm__inst_executed_pipe_tc.sum.pct_of_peak_sustained_elapsed","sm__inst_executed_pipe_tensor_subpipe_dmma.avg.pct_of_peak_sustained_active","sm__inst_executed_pipe_tensor_subpipe_dmma.avg.pct_of_peak_sustained_elapsed","sm__inst_executed_pipe_tensor_subpipe_hmma.avg.pct_of_peak_sustained_active","sm__inst_executed_pipe_tensor_subpipe_hmma.avg.pct_of_peak_sustained_elapsed","sm__inst_executed_pipe_tensor_subpipe_imma.avg.pct_of_peak_sustained_active","sm__inst_executed_pipe_tensor_subpipe_imma.avg.pct_of_peak_sustained_elapsed","sm__inst_executed_pipe_tex.avg.pct_of_peak_sustained_active","sm__inst_executed_pipe_tex.avg.pct_of_peak_sustained_elapsed","sm__inst_executed_pipe_tex.max.pct_of_peak_sustained_active","sm__inst_executed_pipe_tex.max.pct_of_peak_sustained_elapsed","sm__inst_executed_pipe_tex.min.pct_of_peak_sustained_active","sm__inst_executed_pipe_tex.min.pct_of_peak_sustained_elapsed","sm__inst_executed_pipe_tex.sum.pct_of_peak_sustained_active","sm__inst_executed_pipe_tex.sum.pct_of_peak_sustained_elapsed","sm__inst_executed_pipe_tma.avg.pct_of_peak_sustained_active","sm__inst_executed_pipe_tma.avg.pct_of_peak_sustained_elapsed","sm__inst_executed_pipe_tma.max.pct_of_peak_sustained_active","sm__inst_executed_pipe_tma.max.pct_of_peak_sustained_elapsed","sm__inst_executed_pipe_tma.min.pct_of_peak_sustained_active","sm__inst_executed_pipe_tma.min.pct_of_peak_sustained_elapsed","sm__inst_executed_pipe_tma.sum.pct_of_peak_sustained_active","sm__inst_executed_pipe_tma.sum.pct_of_peak_sustained_elapsed","sm__inst_executed_pipe_tmem.avg.pct_of_peak_sustained_active","sm__inst_executed_pipe_tmem.avg.pct_of_peak_sustained_elapsed","sm__inst_executed_pipe_tmem.max.pct_of_peak_sustained_active","sm__inst_executed_pipe_tmem.max.pct_of_peak_sustained_elapsed","sm__inst_executed_pipe_tmem.min.pct_of_peak_sustained_active","sm__inst_executed_pipe_tmem.min.pct_of_peak_sustained_elapsed","sm__inst_executed_pipe_tmem.sum.pct_of_peak_sustained_active","sm__inst_executed_pipe_tmem.sum.pct_of_peak_sustained_elapsed","sm__inst_executed_pipe_uniform.avg.pct_of_peak_sustained_active","sm__inst_executed_pipe_uniform.avg.pct_of_peak_sustained_elapsed","sm__inst_executed_pipe_uniform.max.pct_of_peak_sustained_active","sm__inst_executed_pipe_uniform.max.pct_of_peak_sustained_elapsed","sm__inst_executed_pipe_uniform.min.pct_of_peak_sustained_active","sm__inst_executed_pipe_uniform.min.pct_of_peak_sustained_elapsed","sm__inst_executed_pipe_uniform.sum.pct_of_peak_sustained_active","sm__inst_executed_pipe_uniform.sum.pct_of_peak_sustained_elapsed","sm__inst_executed_pipe_workid.avg.pct_of_peak_sustained_active","sm__inst_executed_pipe_workid.avg.pct_of_peak_sustained_elapsed","sm__inst_executed_pipe_workid.max.pct_of_peak_sustained_active","sm__inst_executed_pipe_workid.max.pct_of_peak_sustained_elapsed","sm__inst_executed_pipe_workid.min.pct_of_peak_sustained_active","sm__inst_executed_pipe_workid.min.pct_of_peak_sustained_elapsed","sm__inst_executed_pipe_workid.sum.pct_of_peak_sustained_active","sm__inst_executed_pipe_workid.sum.pct_of_peak_sustained_elapsed","sm__inst_executed_pipe_xu.avg.pct_of_peak_sustained_active","sm__inst_executed_pipe_xu.avg.pct_of_peak_sustained_elapsed","sm__inst_executed_pipe_xu.max.pct_of_peak_sustained_active","sm__inst_executed_pipe_xu.max.pct_of_peak_sustained_elapsed","sm__inst_executed_pipe_xu.min.pct_of_peak_sustained_active","sm__inst_executed_pipe_xu.min.pct_of_peak_sustained_elapsed","sm__inst_executed_pipe_xu.sum.pct_of_peak_sustained_active","sm__inst_executed_pipe_xu.sum.pct_of_peak_sustained_elapsed","sm__inst_issued.avg.pct_of_peak_sustained_elapsed","sm__inst_issued.avg.per_cycle_active","sm__inst_issued.max.pct_of_peak_sustained_elapsed","sm__inst_issued.max.per_cycle_active","sm__inst_issued.min.pct_of_peak_sustained_elapsed","sm__inst_issued.min.per_cycle_active","sm__inst_issued.sum.pct_of_peak_sustained_elapsed","sm__inst_issued.sum.per_cycle_active","sm__instruction_throughput.avg.pct_of_peak_sustained_elapsed","sm__instruction_throughput.max.pct_of_peak_sustained_elapsed","sm__instruction_throughput.min.pct_of_peak_sustained_elapsed","sm__instruction_throughput.sum.pct_of_peak_sustained_elapsed","sm__maximum_warps_avg_per_active_cycle","sm__maximum_warps_per_active_cycle_pct","sm__mem_tensor_cycles_active.avg.pct_of_peak_sustained_active","sm__mem_tensor_cycles_active.avg.pct_of_peak_sustained_elapsed","sm__mem_tensor_cycles_active.max.pct_of_peak_sustained_active","sm__mem_tensor_cycles_active.max.pct_of_peak_sustained_elapsed","sm__mem_tensor_cycles_active.min.pct_of_peak_sustained_active","sm__mem_tensor_cycles_active.min.pct_of_peak_sustained_elapsed","sm__mem_tensor_cycles_active.sum.pct_of_peak_sustained_active","sm__mem_tensor_cycles_active.sum.pct_of_peak_sustained_elapsed","sm__pipe_alu_cycles_active.avg.pct_of_peak_sustained_active","sm__pipe_alu_cycles_active.avg.pct_of_peak_sustained_elapsed","sm__pipe_alu_cycles_active.max.pct_of_peak_sustained_active","sm__pipe_alu_cycles_active.max.pct_of_peak_sustained_elapsed","sm__pipe_alu_cycles_active.min.pct_of_peak_sustained_active","sm__pipe_alu_cycles_active.min.pct_of_peak_sustained_elapsed","sm__pipe_alu_cycles_active.sum.pct_of_peak_sustained_active","sm__pipe_alu_cycles_active.sum.pct_of_peak_sustained_elapsed","sm__pipe_fma_cycles_active.avg.pct_of_peak_sustained_active","sm__pipe_fma_cycles_active.avg.pct_of_peak_sustained_elapsed","sm__pipe_fma_cycles_active.max.pct_of_peak_sustained_active","sm__pipe_fma_cycles_active.max.pct_of_peak_sustained_elapsed","sm__pipe_fma_cycles_active.min.pct_of_peak_sustained_active","sm__pipe_fma_cycles_active.min.pct_of_peak_sustained_elapsed","sm__pipe_fma_cycles_active.sum.pct_of_peak_sustained_active","sm__pipe_fma_cycles_active.sum.pct_of_peak_sustained_elapsed","sm__pipe_fp64_cycles_active.avg.pct_of_peak_sustained_active","sm__pipe_fp64_cycles_active.avg.pct_of_peak_sustained_elapsed","sm__pipe_fp64_cycles_active.max.pct_of_peak_sustained_active","sm__pipe_fp64_cycles_active.max.pct_of_peak_sustained_elapsed","sm__pipe_fp64_cycles_active.min.pct_of_peak_sustained_active","sm__pipe_fp64_cycles_active.min.pct_of_peak_sustained_elapsed","sm__pipe_fp64_cycles_active.sum.pct_of_peak_sustained_active","sm__pipe_fp64_cycles_active.sum.pct_of_peak_sustained_elapsed","sm__pipe_shared_cycles_active.avg.pct_of_peak_sustained_active","sm__pipe_shared_cycles_active.avg.pct_of_peak_sustained_elapsed","sm__pipe_tc_cycles_active.avg.pct_of_peak_sustained_active","sm__pipe_tc_cycles_active.avg.pct_of_peak_sustained_elapsed","sm__pipe_tc_cycles_active.max.pct_of_peak_sustained_active","sm__pipe_tc_cycles_active.max.pct_of_peak_sustained_elapsed","sm__pipe_tc_cycles_active.min.pct_of_peak_sustained_active","sm__pipe_tc_cycles_active.min.pct_of_peak_sustained_elapsed","sm__pipe_tc_cycles_active.sum.pct_of_peak_sustained_active","sm__pipe_tc_cycles_active.sum.pct_of_peak_sustained_elapsed","sm__pipe_tensor_cycles_active.avg.pct_of_peak_sustained_active","sm__pipe_tensor_cycles_active.avg.pct_of_peak_sustained_elapsed","sm__pipe_tensor_cycles_active.max.pct_of_peak_sustained_active","sm__pipe_tensor_cycles_active.max.pct_of_peak_sustained_elapsed","sm__pipe_tensor_cycles_active.min.pct_of_peak_sustained_active","sm__pipe_tensor_cycles_active.min.pct_of_peak_sustained_elapsed","sm__pipe_tensor_cycles_active.sum.pct_of_peak_sustained_active","sm__pipe_tensor_cycles_active.sum.pct_of_peak_sustained_elapsed","sm__pipe_tensor_subpipe_dmma_cycles_active.avg.pct_of_peak_sustained_active","sm__pipe_tensor_subpipe_dmma_cycles_active.avg.pct_of_peak_sustained_elapsed","sm__pipe_tensor_subpipe_hmma_cycles_active.avg.pct_of_peak_sustained_active","sm__pipe_tensor_subpipe_hmma_cycles_active.avg.pct_of_peak_sustained_elapsed","sm__pipe_tensor_subpipe_imma_cycles_active.avg.pct_of_peak_sustained_active","sm__pipe_tensor_subpipe_imma_cycles_active.avg.pct_of_peak_sustained_elapsed","sm__pipe_tma_cycles_active.avg.pct_of_peak_sustained_active","sm__pipe_tma_cycles_active.avg.pct_of_peak_sustained_elapsed","sm__pipe_tma_cycles_active.max.pct_of_peak_sustained_active","sm__pipe_tma_cycles_active.max.pct_of_peak_sustained_elapsed","sm__pipe_tma_cycles_active.min.pct_of_peak_sustained_active","sm__pipe_tma_cycles_active.min.pct_of_peak_sustained_elapsed","sm__pipe_tma_cycles_active.sum.pct_of_peak_sustained_active","sm__pipe_tma_cycles_active.sum.pct_of_peak_sustained_elapsed","smsp__maximum_warps_avg_per_active_cycle"
"","","","","","","","","","","","","","","","","","","","","","","","","","","","","","","","","","","","","","","","","","","","","","","","","","","","","","","","","","","","","","","","","","","","","","","","","","","","","","","","","","","","","","","","","","","","","","","","","","","","","","","","","","","","","","","","","","","","","","","","","","","","","","","","","","","","","","","","","","","","","","","","","","","","","","","","","","","","","","","","","","","","","","","","","","","","","","","","","","","","ns","","block","block","block","","","","","cluster","block","","","","","","","","","","","","","%","%","block","block","block","block","block","","","","","","byte","","","","","register/thread","register/thread","byte","byte/block","byte/block","byte/block","byte/block","byte/block","SM","","","thread","","","","","","","","","","","","","","","","","","","","","","","","","","","","","","","","","","","","byte","byte","byte","byte","byte","byte","byte","byte","pass","pass","inst/cycle","inst/cycle","inst/cycle","inst/cycle","inst/cycle","inst/cycle","inst/cycle","inst/cycle","%","%","%","%","%","%","%","%","%","%","%","%","%","%","%","%","%","%","%","%","%","%","%","%","%","%","%","%","%","%","%","%","%","%","%","%","%","%","%","%","%","%","%","%","%","%","%","%","%","%","%","%","%","%","%","%","%","%","%","%","%","%","%","%","%","%","%","%","%","%","%","%","%","%","%","%","%","%","%","%","%","%","%","%","%","%","%","%","%","%","%","%","%","%","%","%","%","%","%","%","%","%","%","%","%","%","%","%","%","%","%","%","%","inst/cycle","%","inst/cycle","%","inst/cycle","%","inst/cycle","%","%","%","%","warp","%","%","%","%","%","%","%","%","%","%","%","%","%","%","%","%","%","%","%","%","%","%","%","%","%","%","%","%","%","%","%","%","%","%","%","%","%","%","%","%","%","%","%","%","%","%","%","%","%","%","%","%","%","%","%","%","%","%","%","%","%","%","%","%","%","warp"
"0","233239","python3.12","127.0.0.1","cudnn_generated_fort_native_sdpa_sm100_flash_fprop_f16_knob_7_8x128x128_4x1x1_cga1x1x1_kernel0_0","1","7","(384, 1, 1)","(1, 8, 8)","0","10.0","0","0","416","4","0","1","1","1","0","1","0","1","0","416","1965000","1","10","0","0","1","1","1","No-CC","1","1","1","0","0","NVIDIA B200","1","1","7680","16","1","1","7680","1","1","1","100","1","687935710","10497","32000","16","4","4","32000","16","161","429461726","1","1","0","0","0","0","1","416","0","1","0","132644864","192","32","74","1","1","134217728","1024","1024","64","32","1965000","2147483647","65535","65535","4","1","3996000","82903040","2147483647","65536","65536","255","49152","232448","233472","1024","2048","64","16","2048","32768","32768","65536","32768","2048","32768","131072","16384","16384","16384","2046","32768","32768","2048","32768","268435456","32768","131072","32768","32768","65536","32768","2048","32768","65000","2097120","131072","32768","32768","131072","16384","32768","16384","8192","16384","8192","2046","32768","32768","4","3996000","1","9","0","0","0","1","148","12","4","1","0","0","0","24","0","0","1","0","1024","10","2","1","1","512","0","1","512","32","65536","191503138816","1","1","1","32","222624","8","384","1","1","384","0","0","0","0","8","PolicySpread","0","1","0","SIMT","CachePreferNone","1","1","8","8","64","","0","0","8","32","1","1","5","780","157","0","2028","5460","24870912","0","0","0","0","168","168","233472","233472","233472","1024","232448","0","148","1024","7","24576","74","all","1","8","8","64","0","0","0","0","0","0.43","8","8","8","8","49064297103360","28","504","28","56","28","140","28","8","2097144","28","1","144","28","28","28","0","0","0","1084475433","1084475433","1084475433","11929229763","1084475433","1084475433","1084475433","11929229763","11","0","1.51","0.61","3.50","1.40","0","0","223.94","89.70","10.95","4.39","25.34","10.15","0","0","10.95","4.39","24.86","9.96","57.48","23.02","0","0","24.86","9.96","0.02","0.01","0.05","0.02","0","0","0.02","0.01","7.70","3.09","17.81","7.13","0","0","7.70","3.09","0","0","0","0","0","0","0","0","0","0","29.95","12.00","69.25","27.74","0","0","29.95","12.00","2.26","0.90","5.22","2.09","0","0","2.26","0.90","0","0","3.61","1.45","0","0","0","0","0","0","0","0","0","0","0.47","0.19","1.08","0.43","0","0","0.47","0.19","0.68","0.27","1.57","0.63","0","0","0.68","0.27","6.18","2.47","14.28","5.72","0","0","6.18","2.47","0.00","0.00","0.00","0.00","0","0","0.00","0.00","14.51","5.81","33.56","13.44","0","0","14.51","5.81","15.15","1.51","35.04","3.50","0","0","15.15","223.94","30.38","70.28","0","30.38","12","18.75","15.93","6.38","36.92","14.79","0","0","15.93","6.38","24.86","9.96","57.48","23.02","0","0","24.86","9.96","7.70","3.09","17.82","7.14","0","0","7.70","3.09","0","0","0","0","0","0","0","0","7.22","2.89","75.84","30.38","175.45","70.28","0","0","75.84","30.38","7.22","2.89","16.71","6.69","0","0","7.22","2.89","0","0","7.22","2.89","0","0","0.93","0.37","2.15","0.86","0","0","0.93","0.37","3"
"1","233239","python3.12","127.0.0.1","cudnn_generated_fort_native_sdpa_sm100_flash_fprop_f16_knob_7_8x128x128_4x1x1_cga1x1x1_kernel0_0","1","7","(384, 1, 1)","(1, 8, 8)","0","10.0","0","0","416","4","0","1","1","1","0","1","0","1","0","416","1965000","1","10","0","0","1","1","1","No-CC","1","1","1","0","0","NVIDIA B200","1","1","7680","16","1","1","7680","1","1","1","100","1","687935710","10497","32000","16","4","4","32000","16","161","429461726","1","1","0","0","0","0","1","416","0","1","0","132644864","192","32","74","1","1","134217728","1024","1024","64","32","1965000","2147483647","65535","65535","4","1","3996000","82903040","2147483647","65536","65536","255","49152","232448","233472","1024","2048","64","16","2048","32768","32768","65536","32768","2048","32768","131072","16384","16384","16384","2046","32768","32768","2048","32768","268435456","32768","131072","32768","32768","65536","32768","2048","32768","65000","2097120","131072","32768","32768","131072","16384","32768","16384","8192","16384","8192","2046","32768","32768","4","3996000","1","9","0","0","0","1","148","12","4","1","0","0","0","24","0","0","1","0","1024","10","2","1","1","512","0","1","512","32","65536","191503138816","1","1","1","32","223264","8","384","1","1","384","0","0","0","0","8","PolicySpread","0","1","0","SIMT","CachePreferNone","1","1","8","8","64","","0","0","8","32","1","1","5","780","157","0","2028","5460","24870912","0","0","0","0","168","168","233472","233472","233472","1024","232448","0","148","1024","7","24576","74","all","1","8","8","64","0","0","0","0","0","0.43","8","8","8","8","49064297103360","28","504","28","56","28","140","28","8","2097144","28","1","144","28","28","28","0","0","0","1084475433","1084475433","1084475433","11929229763","1084475433","1084475433","1084475433","11929229763","11","0","1.51","0.60","3.50","1.40","0","0","224.09","89.42","10.95","4.37","25.35","10.12","0","0","10.95","4.37","24.87","9.93","57.52","22.95","0","0","24.87","9.93","0.02","0.01","0.05","0.02","0","0","0.02","0.01","7.71","3.08","17.82","7.11","0","0","7.71","3.08","0","0","0","0","0","0","0","0","0","0","29.97","11.96","69.30","27.65","0","0","29.97","11.96","2.26","0.90","5.23","2.09","0","0","2.26","0.90","0","0","3.61","1.44","0","0","0","0","0","0","0","0","0","0","0.47","0.19","1.08","0.43","0","0","0.47","0.19","0.68","0.27","1.57","0.63","0","0","0.68","0.27","6.18","2.47","14.29","5.70","0","0","6.18","2.47","0.00","0.00","0.00","0.00","0","0","0.00","0.00","14.52","5.79","33.58","13.40","0","0","14.52","5.79","15.10","1.51","34.93","3.50","0","0","15.10","224.09","30.29","70.05","0","30.29","12","18.75","15.94","6.36","36.93","14.74","0","0","15.94","6.36","24.87","9.93","57.52","22.95","0","0","24.87","9.93","7.71","3.08","17.83","7.11","0","0","7.71","3.08","0","0","0","0","0","0","0","0","7.23","2.88","75.90","30.29","175.55","70.05","0","0","75.90","30.29","7.23","2.88","16.72","6.67","0","0","7.23","2.88","0","0","7.23","2.88","0","0","0.93","0.37","2.16","0.86","0","0","0.93","0.37","3"
"2","233239","python3.12","127.0.0.1","cudnn_generated_fort_native_sdpa_sm100_flash_fprop_f16_knob_7_8x128x128_4x1x1_cga1x1x1_kernel0_0","1","7","(384, 1, 1)","(1, 8, 8)","0","10.0","0","0","416","4","0","1","1","1","0","1","0","1","0","416","1965000","1","10","0","0","1","1","1","No-CC","1","1","1","0","0","NVIDIA B200","1","1","7680","16","1","1","7680","1","1","1","100","1","687935710","10497","32000","16","4","4","32000","16","161","429461726","1","1","0","0","0","0","1","416","0","1","0","132644864","192","32","74","1","1","134217728","1024","1024","64","32","1965000","2147483647","65535","65535","4","1","3996000","82903040","2147483647","65536","65536","255","49152","232448","233472","1024","2048","64","16","2048","32768","32768","65536","32768","2048","32768","131072","16384","16384","16384","2046","32768","32768","2048","32768","268435456","32768","131072","32768","32768","65536","32768","2048","32768","65000","2097120","131072","32768","32768","131072","16384","32768","16384","8192","16384","8192","2046","32768","32768","4","3996000","1","9","0","0","0","1","148","12","4","1","0","0","0","24","0","0","1","0","1024","10","2","1","1","512","0","1","512","32","65536","191503138816","1","1","1","32","222016","8","384","1","1","384","0","0","0","0","8","PolicySpread","0","1","0","SIMT","CachePreferNone","1","1","8","8","64","","0","0","8","32","1","1","5","780","157","0","2028","5460","24870912","0","0","0","0","168","168","233472","233472","233472","1024","232448","0","148","1024","7","24576","74","all","1","8","8","64","0","0","0","0","0","0.43","8","8","8","8","49064297103360","28","504","28","56","28","140","28","8","2097144","28","1","144","28","28","28","0","0","0","1084475433","1084475433","1084475433","11929229763","1084475433","1084475433","1084475433","11929229763","11","0","1.51","0.61","3.50","1.40","0","0","224.01","89.78","10.95","4.39","25.34","10.16","0","0","10.95","4.39","24.86","9.97","57.50","23.04","0","0","24.86","9.97","0.02","0.01","0.05","0.02","0","0","0.02","0.01","7.70","3.09","17.82","7.14","0","0","7.70","3.09","0","0","0","0","0","0","0","0","0","0","29.96","12.01","69.27","27.76","0","0","29.96","12.01","2.26","0.91","5.23","2.09","0","0","2.26","0.91","0","0","3.61","1.45","0","0","0","0","0","0","0","0","0","0","0.47","0.19","1.08","0.43","0","0","0.47","0.19","0.68","0.27","1.57","0.63","0","0","0.68","0.27","6.18","2.48","14.28","5.73","0","0","6.18","2.48","0.00","0.00","0.00","0.00","0","0","0.00","0.00","14.52","5.82","33.57","13.45","0","0","14.52","5.82","15.17","1.51","35.07","3.50","0","0","15.17","224.01","30.41","70.34","0","30.41","12","18.75","15.94","6.39","36.91","14.79","0","0","15.94","6.39","24.86","9.97","57.50","23.04","0","0","24.86","9.97","7.70","3.09","17.83","7.14","0","0","7.70","3.09","0","0","0","0","0","0","0","0","7.23","2.90","75.87","30.41","175.50","70.34","0","0","75.87","30.41","7.23","2.90","16.71","6.70","0","0","7.23","2.90","0","0","7.23","2.90","0","0","0.93","0.37","2.16","0.86","0","0","0.93","0.37","3"
"3","233239","python3.12","127.0.0.1","cudnn_generated_fort_native_sdpa_sm100_flash_fprop_f16_knob_7_8x128x128_4x1x1_cga1x1x1_kernel0_0","1","7","(384, 1, 1)","(1, 8, 8)","0","10.0","0","0","416","4","0","1","1","1","0","1","0","1","0","416","1965000","1","10","0","0","1","1","1","No-CC","1","1","1","0","0","NVIDIA B200","1","1","7680","16","1","1","7680","1","1","1","100","1","687935710","10497","32000","16","4","4","32000","16","161","429461726","1","1","0","0","0","0","1","416","0","1","0","132644864","192","32","74","1","1","134217728","1024","1024","64","32","1965000","2147483647","65535","65535","4","1","3996000","82903040","2147483647","65536","65536","255","49152","232448","233472","1024","2048","64","16","2048","32768","32768","65536","32768","2048","32768","131072","16384","16384","16384","2046","32768","32768","2048","32768","268435456","32768","131072","32768","32768","65536","32768","2048","32768","65000","2097120","131072","32768","32768","131072","16384","32768","16384","8192","16384","8192","2046","32768","32768","4","3996000","1","9","0","0","0","1","148","12","4","1","0","0","0","24","0","0","1","0","1024","10","2","1","1","512","0","1","512","32","65536","191503138816","1","1","1","32","220864","8","384","1","1","384","0","0","0","0","8","PolicySpread","0","1","0","SIMT","CachePreferNone","1","1","8","8","64","","0","0","8","32","1","1","5","780","157","0","2028","5460","24870912","0","0","0","0","168","168","233472","233472","233472","1024","232448","0","148","1024","7","24576","74","all","1","8","8","64","0","0","0","0","0","0.43","8","8","8","8","49064297103360","28","504","28","56","28","140","28","8","2097144","28","1","144","28","28","28","0","0","0","1084475433","1084475433","1084475433","11929229763","1084475433","1084475433","1084475433","11929229763","11","0","1.52","0.61","3.50","1.41","0","0","224.26","90.28","10.96","4.41","25.37","10.21","0","0","10.96","4.41","24.89","10.02","57.56","23.17","0","0","24.89","10.02","0.02","0.01","0.05","0.02","0","0","0.02","0.01","7.71","3.10","17.84","7.18","0","0","7.71","3.10","0","0","0","0","0","0","0","0","0","0","29.99","12.07","69.35","27.92","0","0","29.99","12.07","2.26","0.91","5.23","2.11","0","0","2.26","0.91","0","0","3.62","1.46","0","0","0","0","0","0","0","0","0","0","0.47","0.19","1.08","0.43","0","0","0.47","0.19","0.68","0.27","1.57","0.63","0","0","0.68","0.27","6.18","2.49","14.30","5.76","0","0","6.18","2.49","0.00","0.00","0.00","0.00","0","0","0.00","0.00","14.53","5.85","33.61","13.53","0","0","14.53","5.85","15.25","1.52","35.27","3.50","0","0","15.25","224.26","30.58","70.73","0","30.58","12","18.75","15.95","6.42","36.96","14.88","0","0","15.95","6.42","24.89","10.02","57.56","23.17","0","0","24.89","10.02","7.71","3.10","17.84","7.18","0","0","7.71","3.10","0","0","0","0","0","0","0","0","7.23","2.91","75.95","30.58","175.69","70.73","0","0","75.95","30.58","7.23","2.91","16.73","6.74","0","0","7.23","2.91","0","0","7.23","2.91","0","0","0.93","0.38","2.16","0.87","0","0","0.93","0.38","3"
"4","233239","python3.12","127.0.0.1","cudnn_generated_fort_native_sdpa_sm100_flash_fprop_f16_knob_7_8x128x128_4x1x1_cga1x1x1_kernel0_0","1","7","(384, 1, 1)","(1, 8, 8)","0","10.0","0","0","416","4","0","1","1","1","0","1","0","1","0","416","1965000","1","10","0","0","1","1","1","No-CC","1","1","1","0","0","NVIDIA B200","1","1","7680","16","1","1","7680","1","1","1","100","1","687935710","10497","32000","16","4","4","32000","16","161","429461726","1","1","0","0","0","0","1","416","0","1","0","132644864","192","32","74","1","1","134217728","1024","1024","64","32","1965000","2147483647","65535","65535","4","1","3996000","82903040","2147483647","65536","65536","255","49152","232448","233472","1024","2048","64","16","2048","32768","32768","65536","32768","2048","32768","131072","16384","16384","16384","2046","32768","32768","2048","32768","268435456","32768","131072","32768","32768","65536","32768","2048","32768","65000","2097120","131072","32768","32768","131072","16384","32768","16384","8192","16384","8192","2046","32768","32768","4","3996000","1","9","0","0","0","1","148","12","4","1","0","0","0","24","0","0","1","0","1024","10","2","1","1","512","0","1","512","32","65536","191503138816","1","1","1","32","222176","8","384","1","1","384","0","0","0","0","8","PolicySpread","0","1","0","SIMT","CachePreferNone","1","1","8","8","64","","0","0","8","32","1","1","5","780","157","0","2028","5460","24870912","0","0","0","0","168","168","233472","233472","233472","1024","232448","0","148","1024","7","24576","74","all","1","8","8","64","0","0","0","0","0","0.43","8","8","8","8","49064297103360","28","504","28","56","28","140","28","8","2097144","28","1","144","28","28","28","0","0","0","1084475433","1084475433","1084475433","11929229763","1084475433","1084475433","1084475433","11929229763","11","0","1.51","0.61","3.50","1.40","0","0","224.09","89.91","10.95","4.39","25.35","10.17","0","0","10.95","4.39","24.87","9.98","57.52","23.08","0","0","24.87","9.98","0.02","0.01","0.05","0.02","0","0","0.02","0.01","7.71","3.09","17.82","7.15","0","0","7.71","3.09","0","0","0","0","0","0","0","0","0","0","29.97","12.02","69.30","27.80","0","0","29.97","12.02","2.26","0.91","5.23","2.10","0","0","2.26","0.91","0","0","3.61","1.45","0","0","0","0","0","0","0","0","0","0","0.47","0.19","1.08","0.43","0","0","0.47","0.19","0.68","0.27","1.57","0.63","0","0","0.68","0.27","6.18","2.48","14.29","5.73","0","0","6.18","2.48","0.00","0.00","0.00","0.00","0","0","0.00","0.00","14.52","5.83","33.58","13.47","0","0","14.52","5.83","15.19","1.51","35.12","3.50","0","0","15.19","224.09","30.45","70.44","0","30.45","12","18.75","15.94","6.40","36.90","14.81","0","0","15.94","6.40","24.87","9.98","57.52","23.08","0","0","24.87","9.98","7.71","3.09","17.83","7.15","0","0","7.71","3.09","0","0","0","0","0","0","0","0","7.23","2.90","75.90","30.45","175.55","70.44","0","0","75.90","30.45","7.23","2.90","16.72","6.71","0","0","7.23","2.90","0","0","7.23","2.90","0","0","0.93","0.37","2.16","0.87","0","0","0.93","0.37","3"
"5","233239","python3.12","127.0.0.1","cudnn_generated_fort_native_sdpa_sm100_flash_fprop_f16_knob_7_8x128x128_4x1x1_cga1x1x1_kernel0_0","1","7","(384, 1, 1)","(1, 8, 8)","0","10.0","0","0","416","4","0","1","1","1","0","1","0","1","0","416","1965000","1","10","0","0","1","1","1","No-CC","1","1","1","0","0","NVIDIA B200","1","1","7680","16","1","1","7680","1","1","1","100","1","687935710","10497","32000","16","4","4","32000","16","161","429461726","1","1","0","0","0","0","1","416","0","1","0","132644864","192","32","74","1","1","134217728","1024","1024","64","32","1965000","2147483647","65535","65535","4","1","3996000","82903040","2147483647","65536","65536","255","49152","232448","233472","1024","2048","64","16","2048","32768","32768","65536","32768","2048","32768","131072","16384","16384","16384","2046","32768","32768","2048","32768","268435456","32768","131072","32768","32768","65536","32768","2048","32768","65000","2097120","131072","32768","32768","131072","16384","32768","16384","8192","16384","8192","2046","32768","32768","4","3996000","1","9","0","0","0","1","148","12","4","1","0","0","0","24","0","0","1","0","1024","10","2","1","1","512","0","1","512","32","65536","191503138816","1","1","1","32","221376","8","384","1","1","384","0","0","0","0","8","PolicySpread","0","1","0","SIMT","CachePreferNone","1","1","8","8","64","","0","0","8","32","1","1","5","780","157","0","2028","5460","24870912","0","0","0","0","168","168","233472","233472","233472","1024","232448","0","148","1024","7","24576","74","all","1","8","8","64","0","0","0","0","0","0.43","8","8","8","8","49064297103360","28","504","28","56","28","140","28","8","2097144","28","1","144","28","28","28","0","0","0","1084475433","1084475433","1084475433","11929229763","1084475433","1084475433","1084475433","11929229763","11","0","1.51","0.61","3.50","1.41","0","0","224.16","90.16","10.96","4.41","25.36","10.20","0","0","10.96","4.41","24.88","10.01","57.54","23.14","0","0","24.88","10.01","0.02","0.01","0.05","0.02","0","0","0.02","0.01","7.71","3.10","17.83","7.17","0","0","7.71","3.10","0","0","0","0","0","0","0","0","0","0","29.98","12.06","69.32","27.88","0","0","29.98","12.06","2.26","0.91","5.23","2.10","0","0","2.26","0.91","0","0","3.62","1.45","0","0","0","0","0","0","0","0","0","0","0.47","0.19","1.08","0.43","0","0","0.47","0.19","0.68","0.27","1.57","0.63","0","0","0.68","0.27","6.18","2.49","14.29","5.75","0","0","6.18","2.49","0.00","0.00","0.00","0.00","0","0","0.00","0.00","14.53","5.84","33.59","13.51","0","0","14.53","5.84","15.23","1.51","35.22","3.50","0","0","15.23","224.16","30.54","70.63","0","30.54","12","18.75","15.95","6.41","36.93","14.85","0","0","15.95","6.41","24.88","10.01","57.54","23.14","0","0","24.88","10.01","7.71","3.10","17.84","7.17","0","0","7.71","3.10","0","0","0","0","0","0","0","0","7.23","2.91","75.92","30.54","175.61","70.63","0","0","75.92","30.54","7.23","2.91","16.72","6.73","0","0","7.23","2.91","0","0","7.23","2.91","0","0","0.93","0.38","2.16","0.87","0","0","0.93","0.38","3"
"6","233239","python3.12","127.0.0.1","cudnn_generated_fort_native_sdpa_sm100_flash_fprop_f16_knob_7_8x128x128_4x1x1_cga1x1x1_kernel0_0","1","7","(384, 1, 1)","(1, 8, 8)","0","10.0","0","0","416","4","0","1","1","1","0","1","0","1","0","416","1965000","1","10","0","0","1","1","1","No-CC","1","1","1","0","0","NVIDIA B200","1","1","7680","16","1","1","7680","1","1","1","100","1","687935710","10497","32000","16","4","4","32000","16","161","429461726","1","1","0","0","0","0","1","416","0","1","0","132644864","192","32","74","1","1","134217728","1024","1024","64","32","1965000","2147483647","65535","65535","4","1","3996000","82903040","2147483647","65536","65536","255","49152","232448","233472","1024","2048","64","16","2048","32768","32768","65536","32768","2048","32768","131072","16384","16384","16384","2046","32768","32768","2048","32768","268435456","32768","131072","32768","32768","65536","32768","2048","32768","65000","2097120","131072","32768","32768","131072","16384","32768","16384","8192","16384","8192","2046","32768","32768","4","3996000","1","9","0","0","0","1","148","12","4","1","0","0","0","24","0","0","1","0","1024","10","2","1","1","512","0","1","512","32","65536","191503138816","1","1","1","32","221312","8","384","1","1","384","0","0","0","0","8","PolicySpread","0","1","0","SIMT","CachePreferNone","1","1","8","8","64","","0","0","8","32","1","1","5","780","157","0","2028","5460","24870912","0","0","0","0","168","168","233472","233472","233472","1024","232448","0","148","1024","7","24576","74","all","1","8","8","64","0","0","0","0","0","0.43","8","8","8","8","49064297103360","28","504","28","56","28","140","28","8","2097144","28","1","144","28","28","28","0","0","0","1084475433","1084475433","1084475433","11929229763","1084475433","1084475433","1084475433","11929229763","11","0","1.51","0.61","3.50","1.41","0","0","224.16","90.20","10.96","4.41","25.36","10.20","0","0","10.96","4.41","24.88","10.01","57.54","23.15","0","0","24.88","10.01","0.02","0.01","0.05","0.02","0","0","0.02","0.01","7.71","3.10","17.83","7.17","0","0","7.71","3.10","0","0","0","0","0","0","0","0","0","0","29.98","12.06","69.32","27.89","0","0","29.98","12.06","2.26","0.91","5.23","2.10","0","0","2.26","0.91","0","0","3.62","1.45","0","0","0","0","0","0","0","0","0","0","0.47","0.19","1.08","0.43","0","0","0.47","0.19","0.68","0.27","1.57","0.63","0","0","0.68","0.27","6.18","2.49","14.29","5.75","0","0","6.18","2.49","0.00","0.00","0.00","0.00","0","0","0.00","0.00","14.53","5.84","33.59","13.52","0","0","14.53","5.84","15.24","1.51","35.23","3.50","0","0","15.24","224.16","30.55","70.66","0","30.55","12","18.75","15.95","6.42","36.96","14.87","0","0","15.95","6.42","24.88","10.01","57.54","23.15","0","0","24.88","10.01","7.71","3.10","17.83","7.18","0","0","7.71","3.10","0","0","0","0","0","0","0","0","7.23","2.91","75.92","30.55","175.60","70.66","0","0","75.92","30.55","7.23","2.91","16.72","6.73","0","0","7.23","2.91","0","0","7.23","2.91","0","0","0.93","0.38","2.16","0.87","0","0","0.93","0.38","3"
"7","233239","python3.12","127.0.0.1","cudnn_generated_fort_native_sdpa_sm100_flash_fprop_f16_knob_7_8x128x128_4x1x1_cga1x1x1_kernel0_0","1","7","(384, 1, 1)","(1, 8, 8)","0","10.0","0","0","416","4","0","1","1","1","0","1","0","1","0","416","1965000","1","10","0","0","1","1","1","No-CC","1","1","1","0","0","NVIDIA B200","1","1","7680","16","1","1","7680","1","1","1","100","1","687935710","10497","32000","16","4","4","32000","16","161","429461726","1","1","0","0","0","0","1","416","0","1","0","132644864","192","32","74","1","1","134217728","1024","1024","64","32","1965000","2147483647","65535","65535","4","1","3996000","82903040","2147483647","65536","65536","255","49152","232448","233472","1024","2048","64","16","2048","32768","32768","65536","32768","2048","32768","131072","16384","16384","16384","2046","32768","32768","2048","32768","268435456","32768","131072","32768","32768","65536","32768","2048","32768","65000","2097120","131072","32768","32768","131072","16384","32768","16384","8192","16384","8192","2046","32768","32768","4","3996000","1","9","0","0","0","1","148","12","4","1","0","0","0","24","0","0","1","0","1024","10","2","1","1","512","0","1","512","32","65536","191503138816","1","1","1","32","221824","8","384","1","1","384","0","0","0","0","8","PolicySpread","0","1","0","SIMT","CachePreferNone","1","1","8","8","64","","0","0","8","32","1","1","5","780","157","0","2028","5460","24870912","0","0","0","0","168","168","233472","233472","233472","1024","232448","0","148","1024","7","24576","74","all","1","8","8","64","0","0","0","0","0","0.43","8","8","8","8","49064297103360","28","504","28","56","28","140","28","8","2097144","28","1","144","28","28","28","0","0","0","1084475433","1084475433","1084475433","11929229763","1084475433","1084475433","1084475433","11929229763","11","0","1.51","0.61","3.50","1.41","0","0","223.91","90.00","10.95","4.40","25.33","10.18","0","0","10.95","4.40","24.85","9.99","57.47","23.10","0","0","24.85","9.99","0.02","0.01","0.05","0.02","0","0","0.02","0.01","7.70","3.10","17.81","7.16","0","0","7.70","3.10","0","0","0","0","0","0","0","0","0","0","29.94","12.04","69.24","27.83","0","0","29.94","12.04","2.26","0.91","5.22","2.10","0","0","2.26","0.91","0","0","3.61","1.45","0","0","0","0","0","0","0","0","0","0","0.47","0.19","1.08","0.43","0","0","0.47","0.19","0.68","0.27","1.57","0.63","0","0","0.68","0.27","6.17","2.48","14.28","5.74","0","0","6.17","2.48","0.00","0.00","0.00","0.00","0","0","0.00","0.00","14.51","5.83","33.55","13.49","0","0","14.51","5.83","15.20","1.51","35.16","3.50","0","0","15.20","223.91","30.48","70.50","0","30.48","12","18.75","15.93","6.40","36.87","14.82","0","0","15.93","6.40","24.85","9.99","57.47","23.10","0","0","24.85","9.99","7.70","3.10","17.81","7.16","0","0","7.70","3.10","0","0","0","0","0","0","0","0","7.22","2.90","75.83","30.48","175.40","70.50","0","0","75.83","30.48","7.22","2.90","16.71","6.71","0","0","7.22","2.90","0","0","7.22","2.90","0","0","0.93","0.37","2.15","0.87","0","0","0.93","0.37","3"
"8","233239","python3.12","127.0.0.1","cudnn_generated_fort_native_sdpa_sm100_flash_fprop_f16_knob_7_8x128x128_4x1x1_cga1x1x1_kernel0_0","1","7","(384, 1, 1)","(1, 8, 8)","0","10.0","0","0","416","4","0","1","1","1","0","1","0","1","0","416","1965000","1","10","0","0","1","1","1","No-CC","1","1","1","0","0","NVIDIA B200","1","1","7680","16","1","1","7680","1","1","1","100","1","687935710","10497","32000","16","4","4","32000","16","161","429461726","1","1","0","0","0","0","1","416","0","1","0","132644864","192","32","74","1","1","134217728","1024","1024","64","32","1965000","2147483647","65535","65535","4","1","3996000","82903040","2147483647","65536","65536","255","49152","232448","233472","1024","2048","64","16","2048","32768","32768","65536","32768","2048","32768","131072","16384","16384","16384","2046","32768","32768","2048","32768","268435456","32768","131072","32768","32768","65536","32768","2048","32768","65000","2097120","131072","32768","32768","131072","16384","32768","16384","8192","16384","8192","2046","32768","32768","4","3996000","1","9","0","0","0","1","148","12","4","1","0","0","0","24","0","0","1","0","1024","10","2","1","1","512","0","1","512","32","65536","191503138816","1","1","1","32","221696","8","384","1","1","384","0","0","0","0","8","PolicySpread","0","1","0","SIMT","CachePreferNone","1","1","8","8","64","","0","0","8","32","1","1","5","780","157","0","2028","5460","24870912","0","0","0","0","168","168","233472","233472","233472","1024","232448","0","148","1024","7","24576","74","all","1","8","8","64","0","0","0","0","0","0.43","8","8","8","8","49064297103360","28","504","28","56","28","140","28","8","2097144","28","1","144","28","28","28","0","0","0","1084475433","1084475433","1084475433","11929229763","1084475433","1084475433","1084475433","11929229763","11","0","1.51","0.61","3.50","1.41","0","0","224.08","90.00","10.95","4.40","25.35","10.18","0","0","10.95","4.40","24.87","9.99","57.52","23.10","0","0","24.87","9.99","0.02","0.01","0.05","0.02","0","0","0.02","0.01","7.71","3.10","17.82","7.16","0","0","7.71","3.10","0","0","0","0","0","0","0","0","0","0","29.97","12.03","69.30","27.83","0","0","29.97","12.03","2.26","0.91","5.23","2.10","0","0","2.26","0.91","0","0","3.61","1.45","0","0","0","0","0","0","0","0","0","0","0.47","0.19","1.08","0.43","0","0","0.47","0.19","0.68","0.27","1.57","0.63","0","0","0.68","0.27","6.18","2.48","14.29","5.74","0","0","6.18","2.48","0.00","0.00","0.00","0.00","0","0","0.00","0.00","14.52","5.83","33.58","13.49","0","0","14.52","5.83","15.20","1.51","35.16","3.50","0","0","15.20","224.08","30.48","70.50","0","30.48","12","18.75","15.94","6.40","36.92","14.83","0","0","15.94","6.40","24.87","9.99","57.52","23.10","0","0","24.87","9.99","7.71","3.10","17.83","7.16","0","0","7.71","3.10","0","0","0","0","0","0","0","0","7.23","2.90","75.89","30.48","175.55","70.50","0","0","75.89","30.48","7.23","2.90","16.72","6.71","0","0","7.23","2.90","0","0","7.23","2.90","0","0","0.93","0.37","2.16","0.87","0","0","0.93","0.37","3"
"9","233239","python3.12","127.0.0.1","cudnn_generated_fort_native_sdpa_sm100_flash_fprop_f16_knob_7_8x128x128_4x1x1_cga1x1x1_kernel0_0","1","7","(384, 1, 1)","(1, 8, 8)","0","10.0","0","0","416","4","0","1","1","1","0","1","0","1","0","416","1965000","1","10","0","0","1","1","1","No-CC","1","1","1","0","0","NVIDIA B200","1","1","7680","16","1","1","7680","1","1","1","100","1","687935710","10497","32000","16","4","4","32000","16","161","429461726","1","1","0","0","0","0","1","416","0","1","0","132644864","192","32","74","1","1","134217728","1024","1024","64","32","1965000","2147483647","65535","65535","4","1","3996000","82903040","2147483647","65536","65536","255","49152","232448","233472","1024","2048","64","16","2048","32768","32768","65536","32768","2048","32768","131072","16384","16384","16384","2046","32768","32768","2048","32768","268435456","32768","131072","32768","32768","65536","32768","2048","32768","65000","2097120","131072","32768","32768","131072","16384","32768","16384","8192","16384","8192","2046","32768","32768","4","3996000","1","9","0","0","0","1","148","12","4","1","0","0","0","24","0","0","1","0","1024","10","2","1","1","512","0","1","512","32","65536","191503138816","1","1","1","32","221984","8","384","1","1","384","0","0","0","0","8","PolicySpread","0","1","0","SIMT","CachePreferNone","1","1","8","8","64","","0","0","8","32","1","1","5","780","157","0","2028","5460","24870912","0","0","0","0","168","168","233472","233472","233472","1024","232448","0","148","1024","7","24576","74","all","1","8","8","64","0","0","0","0","0","0.43","8","8","8","8","49064297103360","28","504","28","56","28","140","28","8","2097144","28","1","144","28","28","28","0","0","0","1084475433","1084475433","1084475433","11929229763","1084475433","1084475433","1084475433","11929229763","11","0","1.51","0.61","3.50","1.40","0","0","224.04","89.82","10.95","4.39","25.35","10.16","0","0","10.95","4.39","24.87","9.97","57.50","23.05","0","0","24.87","9.97","0.02","0.01","0.05","0.02","0","0","0.02","0.01","7.71","3.09","17.82","7.14","0","0","7.71","3.09","0","0","0","0","0","0","0","0","0","0","29.96","12.01","69.28","27.78","0","0","29.96","12.01","2.26","0.91","5.23","2.10","0","0","2.26","0.91","0","0","3.61","1.45","0","0","0","0","0","0","0","0","0","0","0.47","0.19","1.08","0.43","0","0","0.47","0.19","0.68","0.27","1.57","0.63","0","0","0.68","0.27","6.18","2.48","14.29","5.73","0","0","6.18","2.48","0.00","0.00","0.00","0.00","0","0","0.00","0.00","14.52","5.82","33.57","13.46","0","0","14.52","5.82","15.17","1.51","35.09","3.50","0","0","15.17","224.04","30.42","70.37","0","30.42","12","18.75","15.94","6.39","36.91","14.80","0","0","15.94","6.39","24.87","9.97","57.50","23.05","0","0","24.87","9.97","7.71","3.09","17.82","7.15","0","0","7.71","3.09","0","0","0","0","0","0","0","0","7.23","2.90","75.88","30.42","175.51","70.37","0","0","75.88","30.42","7.23","2.90","16.71","6.70","0","0","7.23","2.90","0","0","7.23","2.90","0","0","0.93","0.37","2.16","0.86","0","0","0.93","0.37","3"
"10","233239","python3.12","127.0.0.1","cudnn_generated_fort_native_sdpa_sm100_flash_fprop_f16_knob_7_8x128x128_4x1x1_cga1x1x1_kernel0_0","1","7","(384, 1, 1)","(1, 8, 8)","0","10.0","0","0","416","4","0","1","1","1","0","1","0","1","0","416","1965000","1","10","0","0","1","1","1","No-CC","1","1","1","0","0","NVIDIA B200","1","1","7680","16","1","1","7680","1","1","1","100","1","687935710","10497","32000","16","4","4","32000","16","161","429461726","1","1","0","0","0","0","1","416","0","1","0","132644864","192","32","74","1","1","134217728","1024","1024","64","32","1965000","2147483647","65535","65535","4","1","3996000","82903040","2147483647","65536","65536","255","49152","232448","233472","1024","2048","64","16","2048","32768","32768","65536","32768","2048","32768","131072","16384","16384","16384","2046","32768","32768","2048","32768","268435456","32768","131072","32768","32768","65536","32768","2048","32768","65000","2097120","131072","32768","32768","131072","16384","32768","16384","8192","16384","8192","2046","32768","32768","4","3996000","1","9","0","0","0","1","148","12","4","1","0","0","0","24","0","0","1","0","1024","10","2","1","1","512","0","1","512","32","65536","191503138816","1","1","1","32","222432","8","384","1","1","384","0","0","0","0","8","PolicySpread","0","1","0","SIMT","CachePreferNone","1","1","8","8","64","","0","0","8","32","1","1","5","780","157","0","2028","5460","24870912","0","0","0","0","168","168","233472","233472","233472","1024","232448","0","148","1024","7","24576","74","all","1","8","8","64","0","0","0","0","0","0.43","8","8","8","8","49064297103360","28","504","28","56","28","140","28","8","2097144","28","1","144","28","28","28","0","0","0","1084475433","1084475433","1084475433","11929229763","1084475433","1084475433","1084475433","11929229763","11","0","1.51","0.61","3.50","1.40","0","0","223.96","89.81","10.95","4.39","25.34","10.16","0","0","10.95","4.39","24.86","9.97","57.48","23.05","0","0","24.86","9.97","0.02","0.01","0.05","0.02","0","0","0.02","0.01","7.70","3.09","17.81","7.14","0","0","7.70","3.09","0","0","0","0","0","0","0","0","0","0","29.95","12.01","69.26","27.77","0","0","29.95","12.01","2.26","0.91","5.22","2.10","0","0","2.26","0.91","0","0","3.61","1.45","0","0","0","0","0","0","0","0","0","0","0.47","0.19","1.08","0.43","0","0","0.47","0.19","0.68","0.27","1.57","0.63","0","0","0.68","0.27","6.18","2.48","14.28","5.73","0","0","6.18","2.48","0.00","0.00","0.00","0.00","0","0","0.00","0.00","14.51","5.82","33.56","13.46","0","0","14.51","5.82","15.17","1.51","35.08","3.50","0","0","15.17","223.96","30.42","70.35","0","30.42","12","18.75","15.93","6.39","36.87","14.79","0","0","15.93","6.39","24.86","9.97","57.48","23.05","0","0","24.86","9.97","7.70","3.09","17.82","7.14","0","0","7.70","3.09","0","0","0","0","0","0","0","0","7.23","2.90","75.85","30.42","175.45","70.35","0","0","75.85","30.42","7.23","2.90","16.71","6.70","0","0","7.23","2.90","0","0","7.23","2.90","0","0","0.93","0.37","2.15","0.86","0","0","0.93","0.37","3"
"11","233239","python3.12","127.0.0.1","cudnn_generated_fort_native_sdpa_sm100_flash_fprop_f16_knob_7_8x128x128_4x1x1_cga1x1x1_kernel0_0","1","7","(384, 1, 1)","(1, 8, 8)","0","10.0","0","0","416","4","0","1","1","1","0","1","0","1","0","416","1965000","1","10","0","0","1","1","1","No-CC","1","1","1","0","0","NVIDIA B200","1","1","7680","16","1","1","7680","1","1","1","100","1","687935710","10497","32000","16","4","4","32000","16","161","429461726","1","1","0","0","0","0","1","416","0","1","0","132644864","192","32","74","1","1","134217728","1024","1024","64","32","1965000","2147483647","65535","65535","4","1","3996000","82903040","2147483647","65536","65536","255","49152","232448","233472","1024","2048","64","16","2048","32768","32768","65536","32768","2048","32768","131072","16384","16384","16384","2046","32768","32768","2048","32768","268435456","32768","131072","32768","32768","65536","32768","2048","32768","65000","2097120","131072","32768","32768","131072","16384","32768","16384","8192","16384","8192","2046","32768","32768","4","3996000","1","9","0","0","0","1","148","12","4","1","0","0","0","24","0","0","1","0","1024","10","2","1","1","512","0","1","512","32","65536","191503138816","1","1","1","32","221600","8","384","1","1","384","0","0","0","0","8","PolicySpread","0","1","0","SIMT","CachePreferNone","1","1","8","8","64","","0","0","8","32","1","1","5","780","157","0","2028","5460","24870912","0","0","0","0","168","168","233472","233472","233472","1024","232448","0","148","1024","7","24576","74","all","1","8","8","64","0","0","0","0","0","0.43","8","8","8","8","49064297103360","28","504","28","56","28","140","28","8","2097144","28","1","144","28","28","28","0","0","0","1084475433","1084475433","1084475433","11929229763","1084475433","1084475433","1084475433","11929229763","11","0","1.52","0.61","3.51","1.41","0","0","224.38","90.05","10.97","4.40","25.39","10.19","0","0","10.97","4.40","24.90","10.00","57.59","23.11","0","0","24.90","10.00","0.02","0.01","0.05","0.02","0","0","0.02","0.01","7.72","3.10","17.85","7.16","0","0","7.72","3.10","0","0","0","0","0","0","0","0","0","0","30.01","12.04","69.39","27.85","0","0","30.01","12.04","2.26","0.91","5.23","2.10","0","0","2.26","0.91","0","0","3.62","1.45","0","0","0","0","0","0","0","0","0","0","0.47","0.19","1.08","0.43","0","0","0.47","0.19","0.68","0.27","1.57","0.63","0","0","0.68","0.27","6.19","2.48","14.31","5.74","0","0","6.19","2.48","0.00","0.00","0.00","0.00","0","0","0.00","0.00","14.54","5.84","33.63","13.50","0","0","14.54","5.84","15.21","1.52","35.18","3.51","0","0","15.21","224.38","30.50","70.55","0","30.50","12","18.75","15.96","6.41","36.96","14.83","0","0","15.96","6.41","24.90","10.00","57.59","23.11","0","0","24.90","10.00","7.72","3.10","17.85","7.16","0","0","7.72","3.10","0","0","0","0","0","0","0","0","7.24","2.91","76.00","30.50","175.78","70.55","0","0","76.00","30.50","7.24","2.91","16.74","6.72","0","0","7.24","2.91","0","0","7.24","2.91","0","0","0.93","0.37","2.16","0.87","0","0","0.93","0.37","3"
"12","233239","python3.12","127.0.0.1","cudnn_generated_fort_native_sdpa_sm100_flash_fprop_f16_knob_7_8x128x128_4x1x1_cga1x1x1_kernel0_0","1","7","(384, 1, 1)","(1, 8, 8)","0","10.0","0","0","416","4","0","1","1","1","0","1","0","1","0","416","1965000","1","10","0","0","1","1","1","No-CC","1","1","1","0","0","NVIDIA B200","1","1","7680","16","1","1","7680","1","1","1","100","1","687935710","10497","32000","16","4","4","32000","16","161","429461726","1","1","0","0","0","0","1","416","0","1","0","132644864","192","32","74","1","1","134217728","1024","1024","64","32","1965000","2147483647","65535","65535","4","1","3996000","82903040","2147483647","65536","65536","255","49152","232448","233472","1024","2048","64","16","2048","32768","32768","65536","32768","2048","32768","131072","16384","16384","16384","2046","32768","32768","2048","32768","268435456","32768","131072","32768","32768","65536","32768","2048","32768","65000","2097120","131072","32768","32768","131072","16384","32768","16384","8192","16384","8192","2046","32768","32768","4","3996000","1","9","0","0","0","1","148","12","4","1","0","0","0","24","0","0","1","0","1024","10","2","1","1","512","0","1","512","32","65536","191503138816","1","1","1","32","221824","8","384","1","1","384","0","0","0","0","8","PolicySpread","0","1","0","SIMT","CachePreferNone","1","1","8","8","64","","0","0","8","32","1","1","5","780","157","0","2028","5460","24870912","0","0","0","0","168","168","233472","233472","233472","1024","232448","0","148","1024","7","24576","74","all","1","8","8","64","0","0","0","0","0","0.43","8","8","8","8","49064297103360","28","504","28","56","28","140","28","8","2097144","28","1","144","28","28","28","0","0","0","1084475433","1084475433","1084475433","11929229763","1084475433","1084475433","1084475433","11929229763","11","0","1.51","0.61","3.50","1.41","0","0","224.16","90.03","10.96","4.40","25.36","10.19","0","0","10.96","4.40","24.88","9.99","57.54","23.11","0","0","24.88","9.99","0.02","0.01","0.05","0.02","0","0","0.02","0.01","7.71","3.10","17.83","7.16","0","0","7.71","3.10","0","0","0","0","0","0","0","0","0","0","29.98","12.04","69.32","27.84","0","0","29.98","12.04","2.26","0.91","5.23","2.10","0","0","2.26","0.91","0","0","3.62","1.45","0","0","0","0","0","0","0","0","0","0","0.47","0.19","1.08","0.43","0","0","0.47","0.19","0.68","0.27","1.57","0.63","0","0","0.68","0.27","6.18","2.48","14.29","5.74","0","0","6.18","2.48","0.00","0.00","0.00","0.00","0","0","0.00","0.00","14.53","5.83","33.59","13.49","0","0","14.53","5.83","15.21","1.51","35.17","3.50","0","0","15.21","224.16","30.49","70.54","0","30.49","12","18.75","15.95","6.40","36.93","14.83","0","0","15.95","6.40","24.88","9.99","57.54","23.11","0","0","24.88","9.99","7.71","3.10","17.83","7.16","0","0","7.71","3.10","0","0","0","0","0","0","0","0","7.23","2.90","75.92","30.49","175.63","70.54","0","0","75.92","30.49","7.23","2.90","16.72","6.72","0","0","7.23","2.90","0","0","7.23","2.90","0","0","0.93","0.37","2.16","0.87","0","0","0.93","0.37","3"
"13","233239","python3.12","127.0.0.1","cudnn_generated_fort_native_sdpa_sm100_flash_fprop_f16_knob_7_8x128x128_4x1x1_cga1x1x1_kernel0_0","1","7","(384, 1, 1)","(1, 8, 8)","0","10.0","0","0","416","4","0","1","1","1","0","1","0","1","0","416","1965000","1","10","0","0","1","1","1","No-CC","1","1","1","0","0","NVIDIA B200","1","1","7680","16","1","1","7680","1","1","1","100","1","687935710","10497","32000","16","4","4","32000","16","161","429461726","1","1","0","0","0","0","1","416","0","1","0","132644864","192","32","74","1","1","134217728","1024","1024","64","32","1965000","2147483647","65535","65535","4","1","3996000","82903040","2147483647","65536","65536","255","49152","232448","233472","1024","2048","64","16","2048","32768","32768","65536","32768","2048","32768","131072","16384","16384","16384","2046","32768","32768","2048","32768","268435456","32768","131072","32768","32768","65536","32768","2048","32768","65000","2097120","131072","32768","32768","131072","16384","32768","16384","8192","16384","8192","2046","32768","32768","4","3996000","1","9","0","0","0","1","148","12","4","1","0","0","0","24","0","0","1","0","1024","10","2","1","1","512","0","1","512","32","65536","191503138816","1","1","1","32","221504","8","384","1","1","384","0","0","0","0","8","PolicySpread","0","1","0","SIMT","CachePreferNone","1","1","8","8","64","","0","0","8","32","1","1","5","780","157","0","2028","5460","24870912","0","0","0","0","168","168","233472","233472","233472","1024","232448","0","148","1024","7","24576","74","all","1","8","8","64","0","0","0","0","0","0.43","8","8","8","8","49064297103360","28","504","28","56","28","140","28","8","2097144","28","1","144","28","28","28","0","0","0","1084475433","1084475433","1084475433","11929229763","1084475433","1084475433","1084475433","11929229763","11","0","1.51","0.61","3.50","1.41","0","0","224.10","89.97","10.95","4.40","25.35","10.18","0","0","10.95","4.40","24.87","9.99","57.52","23.09","0","0","24.87","9.99","0.02","0.01","0.05","0.02","0","0","0.02","0.01","7.71","3.09","17.82","7.16","0","0","7.71","3.09","0","0","0","0","0","0","0","0","0","0","29.97","12.03","69.30","27.82","0","0","29.97","12.03","2.26","0.91","5.23","2.10","0","0","2.26","0.91","0","0","3.61","1.45","0","0","0","0","0","0","0","0","0","0","0.47","0.19","1.08","0.43","0","0","0.47","0.19","0.68","0.27","1.57","0.63","0","0","0.68","0.27","6.18","2.48","14.29","5.74","0","0","6.18","2.48","0.00","0.00","0.00","0.00","0","0","0.00","0.00","14.52","5.83","33.58","13.48","0","0","14.52","5.83","15.20","1.51","35.15","3.50","0","0","15.20","224.10","30.47","70.48","0","30.47","12","18.75","15.94","6.40","36.90","14.82","0","0","15.94","6.40","24.87","9.99","57.52","23.09","0","0","24.87","9.99","7.71","3.09","17.83","7.16","0","0","7.71","3.09","0","0","0","0","0","0","0","0","7.23","2.90","75.90","30.47","175.56","70.48","0","0","75.90","30.47","7.23","2.90","16.72","6.71","0","0","7.23","2.90","0","0","7.23","2.90","0","0","0.93","0.37","2.16","0.87","0","0","0.93","0.37","3"
"14","233239","python3.12","127.0.0.1","cudnn_generated_fort_native_sdpa_sm100_flash_fprop_f16_knob_7_8x128x128_4x1x1_cga1x1x1_kernel0_0","1","7","(384, 1, 1)","(1, 8, 8)","0","10.0","0","0","416","4","0","1","1","1","0","1","0","1","0","416","1965000","1","10","0","0","1","1","1","No-CC","1","1","1","0","0","NVIDIA B200","1","1","7680","16","1","1","7680","1","1","1","100","1","687935710","10497","32000","16","4","4","32000","16","161","429461726","1","1","0","0","0","0","1","416","0","1","0","132644864","192","32","74","1","1","134217728","1024","1024","64","32","1965000","2147483647","65535","65535","4","1","3996000","82903040","2147483647","65536","65536","255","49152","232448","233472","1024","2048","64","16","2048","32768","32768","65536","32768","2048","32768","131072","16384","16384","16384","2046","32768","32768","2048","32768","268435456","32768","131072","32768","32768","65536","32768","2048","32768","65000","2097120","131072","32768","32768","131072","16384","32768","16384","8192","16384","8192","2046","32768","32768","4","3996000","1","9","0","0","0","1","148","12","4","1","0","0","0","24","0","0","1","0","1024","10","2","1","1","512","0","1","512","32","65536","191503138816","1","1","1","32","220928","8","384","1","1","384","0","0","0","0","8","PolicySpread","0","1","0","SIMT","CachePreferNone","1","1","8","8","64","","0","0","8","32","1","1","5","780","157","0","2028","5460","24870912","0","0","0","0","168","168","233472","233472","233472","1024","232448","0","148","1024","7","24576","74","all","1","8","8","64","0","0","0","0","0","0.43","8","8","8","8","49064297103360","28","504","28","56","28","140","28","8","2097144","28","1","144","28","28","28","0","0","0","1084475433","1084475433","1084475433","11929229763","1084475433","1084475433","1084475433","11929229763","11","0","1.51","0.61","3.50","1.41","0","0","224.14","90.23","10.96","4.41","25.36","10.21","0","0","10.96","4.41","24.88","10.01","57.53","23.16","0","0","24.88","10.01","0.02","0.01","0.05","0.02","0","0","0.02","0.01","7.71","3.10","17.83","7.18","0","0","7.71","3.10","0","0","0","0","0","0","0","0","0","0","29.97","12.07","69.31","27.90","0","0","29.97","12.07","2.26","0.91","5.23","2.10","0","0","2.26","0.91","0","0","3.62","1.46","0","0","0","0","0","0","0","0","0","0","0.47","0.19","1.08","0.43","0","0","0.47","0.19","0.68","0.27","1.57","0.63","0","0","0.68","0.27","6.18","2.49","14.29","5.75","0","0","6.18","2.49","0.00","0.00","0.00","0.00","0","0","0.00","0.00","14.52","5.85","33.59","13.52","0","0","14.52","5.85","15.24","1.51","35.25","3.50","0","0","15.24","224.14","30.56","70.68","0","30.56","12","18.75","15.94","6.42","36.91","14.86","0","0","15.94","6.42","24.88","10.01","57.53","23.16","0","0","24.88","10.01","7.71","3.10","17.83","7.18","0","0","7.71","3.10","0","0","0","0","0","0","0","0","7.23","2.91","75.91","30.56","175.58","70.68","0","0","75.91","30.56","7.23","2.91","16.72","6.73","0","0","7.23","2.91","0","0","7.23","2.91","0","0","0.93","0.38","2.16","0.87","0","0","0.93","0.38","3"
"15","233239","python3.12","127.0.0.1","cudnn_generated_fort_native_sdpa_sm100_flash_fprop_f16_knob_7_8x128x128_4x1x1_cga1x1x1_kernel0_0","1","7","(384, 1, 1)","(1, 8, 8)","0","10.0","0","0","416","4","0","1","1","1","0","1","0","1","0","416","1965000","1","10","0","0","1","1","1","No-CC","1","1","1","0","0","NVIDIA B200","1","1","7680","16","1","1","7680","1","1","1","100","1","687935710","10497","32000","16","4","4","32000","16","161","429461726","1","1","0","0","0","0","1","416","0","1","0","132644864","192","32","74","1","1","134217728","1024","1024","64","32","1965000","2147483647","65535","65535","4","1","3996000","82903040","2147483647","65536","65536","255","49152","232448","233472","1024","2048","64","16","2048","32768","32768","65536","32768","2048","32768","131072","16384","16384","16384","2046","32768","32768","2048","32768","268435456","32768","131072","32768","32768","65536","32768","2048","32768","65000","2097120","131072","32768","32768","131072","16384","32768","16384","8192","16384","8192","2046","32768","32768","4","3996000","1","9","0","0","0","1","148","12","4","1","0","0","0","24","0","0","1","0","1024","10","2","1","1","512","0","1","512","32","65536","191503138816","1","1","1","32","221056","8","384","1","1","384","0","0","0","0","8","PolicySpread","0","1","0","SIMT","CachePreferNone","1","1","8","8","64","","0","0","8","32","1","1","5","780","157","0","2028","5460","24870912","0","0","0","0","168","168","233472","233472","233472","1024","232448","0","148","1024","7","24576","74","all","1","8","8","64","0","0","0","0","0","0.43","8","8","8","8","49064297103360","28","504","28","56","28","140","28","8","2097144","28","1","144","28","28","28","0","0","0","1084475433","1084475433","1084475433","11929229763","1084475433","1084475433","1084475433","11929229763","11","0","1.51","0.61","3.50","1.41","0","0","224.16","90.23","10.96","4.41","25.36","10.21","0","0","10.96","4.41","24.88","10.01","57.54","23.16","0","0","24.88","10.01","0.02","0.01","0.05","0.02","0","0","0.02","0.01","7.71","3.10","17.83","7.18","0","0","7.71","3.10","0","0","0","0","0","0","0","0","0","0","29.98","12.07","69.32","27.90","0","0","29.98","12.07","2.26","0.91","5.23","2.10","0","0","2.26","0.91","0","0","3.62","1.46","0","0","0","0","0","0","0","0","0","0","0.47","0.19","1.08","0.43","0","0","0.47","0.19","0.68","0.27","1.57","0.63","0","0","0.68","0.27","6.18","2.49","14.29","5.75","0","0","6.18","2.49","0.00","0.00","0.00","0.00","0","0","0.00","0.00","14.53","5.85","33.59","13.52","0","0","14.53","5.85","15.24","1.51","35.25","3.50","0","0","15.24","224.16","30.56","70.69","0","30.56","12","18.75","15.95","6.42","36.93","14.87","0","0","15.95","6.42","24.88","10.01","57.54","23.16","0","0","24.88","10.01","7.71","3.10","17.83","7.18","0","0","7.71","3.10","0","0","0","0","0","0","0","0","7.23","2.91","75.92","30.56","175.61","70.69","0","0","75.92","30.56","7.23","2.91","16.72","6.73","0","0","7.23","2.91","0","0","7.23","2.91","0","0","0.93","0.38","2.16","0.87","0","0","0.93","0.38","3"
